2653  1316
2620  1412
2141  920
1570  827
6855  4585
6533  4655
5752  4199
5819  4130
5185  3998
6194  4454
6313  4456
5257  3985
2422  1156
1441  670
2405  1224
1430  738
648  263
173  66
82  40
7179  4979
5106  3913
288  4365
190  84
444  253
1151  345
786  489
38  3904
266  90
912  394
3272  1603
4967  2285
3947  3623
3401  2775
4988  2654
3999  3682
4315  1859
3454  2875
4263  1811
3510  2889
4078  1833
4213  2727
4186  2733
4181  2822
4010  3778
4047  3762
3587  3839
3540  2804
3677  2581
4698  2422
3804  3056
4816  2398
4773  2321
3757  3453
3695  3268
3236  1641
